# id	left	top	right	bottom	texture_id
[SPRITES]
#####  BIG ###############
#IDLE
11121	216	243	230	269	0
11111	176	243	190	269	0

#WALKING RIGHT
11222	255	243	271	269	0
11223	295	243	311	269	0

#WALKING LEFT
11212	135	243	151	269	0
11213	95	243	111	269	0

#RUNNING RIGHT
11321	212	323	232	350	0
11322	252	323	272	350	0
11323	292	323	312	350	0

#RUNNING LEFT
11311	174	323	194	350	0
11312	134	323	154	350	0
11313	94	323	114	350	0

#JUMP WALK RIGHT & LEFT
11417	335	244	351	270	0
11413	55	244	71	270	0

#JUMP RUN RIGHT & LEFT
11427	333	364	352	390	0
11423	54	364	73	390	0

#SIT RIGHT & LEFT 
11521	376	248	390	266	0
11511	16	248	30	266	0

#BRACE RIGHT & LEFT 
11621	215	283	231	311	0
11611	175	283	191	311	0

#DIE
13001	375	209	391	225	0
############ SMALL ################

 #IDLE
12121	217	89	229	105	0
12111	177	89	189	105	0

#WALK RIGHT
12222	256	89	271	105	0
12223	255	129	271	145	0

#WALK LEFT
12212	135	89	150	105	0
12213	135	129	150	145	0

#RUN RIGHT
12321	215	169	231	185	0
12322	255	169	271	185	0

#RUN LEFT
12311	175	169	191	185	0
12312	135	169	151	185	0

#BRACE RIGHT & LEFT
12511	176	129	190	145	0
12521	216	129	230	145	0

#JUMP WALK RIGHT & LEFT 
12413	55	89	71	105	0
12417	335	89	351	105	0

#JUMP RUN RIGHT & LEFT 
12423	135	209	151	225	0
12427	255	209	271	225	0


# ani_id	sprite1_id	time1	sprite2_id	time2	...
[ANIMATIONS]

###################BIG#################
#IDLE
400	11121	100
401	11111	100

#WALKING RIGHT & LEFT 
500	11121	100	11222	100	11223	100
501	11111	100	11212	100	11213	100

#RUNNING RIGHT & LEFT
600	11321	50	11322	50	11323	50
601	11311	50	11312	50	11313	50

#JUMP WALK
700	11417	100
701	11413	100

#JUMP RUN
800	11427	100
801	11423	100

#SIT RIGHT & LEFT 
900	11521	100
901	11511	100

#BRACE RIGHT & LEFT 
1000	11621	100
1001	11611	100

#DIE
999	13001	100

################### SMALL #################
1100	12121	100
1102	12111	100


#WALK LEFT & RIGHT 
1200	12121	100	12222	100	12223	100
1201	12111	100	12212	100	12213	100

#RUN LEFT & RIGHT
1300	12321	100	12322	100
1301	12311	100	12312	100

#BRACE LEFT & RIGHT
1401	12511	100
1400	12521	100

#JUMP WALK
1500	12417	100
1501	12413	100

#JUMP RUN 
1601	12423	100
1600	12427	100